10.0,4.5,149.25373134328356,67.16417910447761,0.4228539261329407
10.005218505859375,4.500006198883057,149.3316194904384,67.16427162512025,0.4226592390472613
10.019366264343262,4.499952793121338,149.5427800648248,67.16347452419907,0.42212644578660635
10.042351722717285,4.499770641326904,149.88584660772065,67.16075584070006,0.4212555818663871
10.07413101196289,4.499380588531494,150.36016435765507,67.15493415718647,0.42004553763916086
10.114505767822266,4.498694896697998,150.96277265406366,67.14469995071639,0.4185016137461561
10.157166481018066,4.497579574584961,151.59949971668755,67.12805335201433,0.4168491647317578
10.198271751403809,4.49613618850708,152.2130112149822,67.10651027622507,0.41523750850574953
10.23840618133545,4.494253635406494,152.81203255724552,67.07841246875364,0.4136354610132417
10.277277946472168,4.491950988769531,153.392208156301,67.04404460850046,0.4120544595420373
10.315312385559082,4.489133358001709,153.95988635162809,67.00199041793596,0.41047093650700106
10.35294246673584,4.48568868637085,154.52152935426625,66.95057740852013,0.4088601429378218
10.390266418457031,4.481549263000488,155.07860326055268,66.88879497015654,0.40721312907325485
10.427239418029785,4.476675033569336,155.63043907507142,66.81604527715426,0.405528288567684
10.464010238647461,4.47098445892334,156.17925729324568,66.73111132721402,0.40379395176021976
10.501322746276855,4.464230060577393,156.73616039219186,66.63029941160288,0.40196484287164985
10.539921760559082,4.4561872482299805,157.31226508297135,66.51025743626836,0.39999837425804846
10.579019546508789,4.446861267089844,157.89581412699684,66.3710636879081,0.3979230944066035
10.61778450012207,4.4364166259765625,158.47439552421,66.21517352203824,0.395780968763309
10.6560640335083,4.424862384796143,159.04573184340745,66.04272216113645,0.3935779530146596
10.69390869140625,4.4123077392578125,159.61057748367537,65.85533939190765,0.3913211157484748
10.73144817352295,4.398902416229248,160.17086826153655,65.65525994372011,0.3890181456896397
10.768742561340332,4.3848137855529785,160.72750091552734,65.44498187392504,0.38668044306484084
10.805649757385254,4.370363235473633,161.2783545878396,65.22930202199451,0.38433813451306487
10.842401504516602,4.355566501617432,161.82688812711345,65.00845524802136,0.3819848384620967
10.87791919708252,4.341167449951172,162.35700294153014,64.79354402912196,0.37971361346564403
10.911783218383789,4.327381610870361,162.86243609528043,64.58778523687106,0.3775535693981796
10.947064399719238,4.312835216522217,163.3890208913319,64.37067487346592,0.37529891868016285
10.984000205993652,4.297641277313232,163.9403015819948,64.14389966139153,0.37295252751076335
11.023200035095215,4.281526565551758,164.52537365813754,63.903381575399365,0.37047567178743596
11.064496994018555,4.264700412750244,165.1417461793814,63.65224496642155,0.3678920401964932
11.108004570007324,4.247041702270508,165.79111298518393,63.38868212344041,0.3651907274326663
11.152904510498047,4.228822231292725,166.4612613507171,63.11674972078693,0.3624196129941699
11.198463439941406,4.210288047790527,167.1412453722598,62.84012011627652,0.3596209466943243
11.244446754455566,4.191521167755127,167.8275634993368,62.560017429180995,0.3568086065495474
11.290804862976074,4.172554016113281,168.51947556680707,62.27692561363106,0.35398693739136206
11.337635040283203,4.153367519378662,169.2184334370627,61.9905599907263,0.3511520123899609
11.38500690460205,4.133965969085693,169.9254761880903,61.7009846132193,0.34830262865678174
11.43284797668457,4.114395618438721,170.63952204006821,61.40888982744359,0.3454448751615081
11.481045722961426,4.0947184562683105,171.35889138748396,61.115200839825526,0.3425870385152901
11.529518127441406,4.0749831199646,172.08236011106575,60.820643581561185,0.33973536116601494
11.578207015991211,4.055224895477295,172.80905994016732,60.52574470861634,0.33689427943622896
11.627083778381348,4.0354743003845215,173.538563856438,60.23095970723166,0.33406697817150055
11.676122665405273,4.015758514404297,174.2704875433623,59.93669424484025,0.3312562529995865
11.725298881530762,3.9961040019989014,175.00446091836957,59.64334331341644,0.32846476781041084
11.774592399597168,3.976529836654663,175.74018506861444,59.35119159186064,0.3256944499647279
11.823991775512695,3.957058906555176,176.47748918675663,59.060580694853364,0.3229472593767673
11.87348747253418,3.9377074241638184,177.21623093334597,58.77175259945997,0.32022456991788256
11.923072814941406,3.9184937477111816,177.95631067076724,58.48498130912211,0.3175278223112258
11.972746849060059,3.899441719055176,178.6977141650755,58.20062267246531,0.31485870807418925
12.022509574890137,3.8805670738220215,179.4404414162707,57.918911549582404,0.31221826476555775
12.072360038757324,3.8618874549865723,180.18447819040782,57.6401112684563,0.30960768291135393
12.122298240661621,3.843411684036255,180.92982448748688,57.364353493078426,0.30702745327171826
12.172323226928711,3.8251521587371826,181.67646607356284,57.09182326473407,0.3044783481015756
12.222437858581543,3.807124614715576,182.42444565047077,56.82275544351606,0.3019612879377391
12.272644996643066,3.789351463317871,183.17380592004577,56.5574845271324,0.2994776793206366
12.322948455810547,3.7718489170074463,183.92460381806785,56.29625249264845,0.29702843126173417
12.373347282409668,3.754629611968994,184.67682511059203,56.03924793983573,0.2946142847478233
12.423844337463379,3.7377045154571533,185.4305124994534,55.78663455906199,0.2922357602073033
12.47443962097168,3.721083879470825,186.18566598465193,55.538565365236195,0.2898933806564083
12.52513599395752,3.704777956008911,186.94232826802266,55.295193373267324,0.2875875970715288
12.575932502746582,3.6887972354888916,187.7004851156206,55.05667515655062,0.2853189526517983
12.6268310546875,3.6731510162353516,188.46016499533582,54.82314949605002,0.2830878317477114
12.677831649780273,3.657848596572876,189.22136790716826,54.59475517272949,0.28089465141377784
12.728917121887207,3.6427955627441406,189.98383764010757,54.37008302603195,0.27873264535271525
12.780098915100098,3.6278085708618164,190.747745001494,54.14639658002711,0.2765880793005704
12.83133316040039,3.612717628479004,191.51243522985658,53.92115863401498,0.2744494660968078
12.882691383361816,3.5973012447357178,192.27897587107188,53.69106335426444,0.27229938800106607
12.934141159057617,3.5813891887664795,193.0468829710092,53.45356998158924,0.2701264166613627
12.98568344116211,3.56484317779541,193.81617076361357,53.20661459396134,0.2679208606773229
13.03718090057373,3.547590970993042,194.58478956080194,52.9491189700454,0.26568053987637397
13.088401794433594,3.5296194553375244,195.34928051393422,52.68088739309738,0.2634092272209568
13.139219284057617,3.5108869075775146,196.10775050832262,52.401297128022605,0.2611064676365355
13.18954849243164,3.4913418292999268,196.8589327228603,52.10957954178995,0.2587702371241959
13.23931884765625,3.4709360599517822,197.60177384561567,51.80501582017585,0.2563984363556814
13.288517951965332,3.449676752090454,198.33608883530346,51.48771271776797,0.25399176303750026
13.337353706359863,3.4277920722961426,199.06498069193825,51.16107570591257,0.25156245268038313
13.38571834564209,3.4055557250976562,199.78684097973266,50.829189926830686,0.2491315993675577
13.433537483215332,3.3833792209625244,200.5005594509751,50.49819732779887,0.24672907670401553
13.481122016906738,3.3613109588623047,201.21077637174236,50.16882028152693,0.24435236171576197
13.528541564941406,3.339517593383789,201.91853082002098,49.8435461699073,0.24201156546286776
13.576078414916992,3.317996025085449,202.62803604353718,49.52232873261864,0.23970134097140675
13.623987197875977,3.296780586242676,203.34309250561157,49.205680391681724,0.23741964079083677
13.67245101928711,3.275961399078369,204.0664331236882,48.89494625490103,0.23516964599895496
13.721363067626953,3.2557315826416016,204.79646369592467,48.5930086961433,0.23296646974991164
13.770771026611328,3.2361388206481934,205.53389591957205,48.3005794126596,0.23081248543577654
13.820446968078613,3.217144012451172,206.27532788177032,48.01707481270405,0.22870850410605373
13.87032699584961,3.1986756324768066,207.01980590820312,47.741427350400095,0.22665036864843544
13.920392036437988,3.180553436279297,207.76704531996995,47.470946810138756,0.22462579764324742
13.97062873840332,3.162572145462036,208.5168468418406,47.20256933525427,0.22262083094415352
14.020853996276855,3.1446168422698975,209.26647755637097,46.9345797353716,0.22063036870395727
14.071062088012695,3.1266770362854004,210.01585205989096,46.66682143709553,0.21865366402472328
14.1212739944458,3.1087474822998047,210.76528349919104,46.399216153728425,0.2166899318454349
14.171493530273438,3.0908451080322266,211.51482881005128,46.13201653779442,0.2147401527048268
14.221729278564453,3.0729820728302,212.2646160979769,45.86540407209254,0.21280490884588946
14.271981239318848,3.055163860321045,213.01464536296785,45.59946060180664,0.21088445635822994
14.32225227355957,3.03739595413208,213.76495930685925,45.33426797212059,0.20897900759663432
14.372544288635254,3.0196897983551025,214.51558639754109,45.06999699037466,0.20708918421493897
14.422857284545898,3.00205135345459,215.2665266350134,44.80673661872522,0.20521526362332831
14.47319507598877,2.984484910964966,216.01783695505625,44.54455090992486,0.20335735696119597
14.523558616638184,2.9669947624206543,216.76953159161468,44.28350391672618,0.2015156141923498
14.57394790649414,2.949584484100342,217.52161054468866,44.02364901642301,0.1996901491373828
14.62436580657959,2.932258367538452,218.27411651611328,43.76505026176794,0.19788108310672678
14.674811363220215,2.9150197505950928,219.0270352719435,43.507757471568546,0.19608852405981622
14.725288391113281,2.89787220954895,219.78042374795942,43.25182402311866,0.19431253194638679
14.775795936584473,2.880821466445923,220.534267710216,42.997335320088396,0.19255336779346013
14.826336860656738,2.8638758659362793,221.28860986054832,42.7444159094967,0.19081141130764456
14.876914024353027,2.8470423221588135,222.04349290079145,42.493168987444975,0.18908694596811243
14.927529335021973,2.8303275108337402,222.7989452988354,42.24369419154836,0.18738024905188955
14.97818374633789,2.813737630844116,223.5549812886252,41.996084042449496,0.18569157574186584
15.028877258300781,2.7972733974456787,224.3116008701609,41.750349215607145,0.18402083685884385
15.079611778259277,2.7809369564056396,225.0688325113325,41.506521737397605,0.1823680126336618
15.130387306213379,2.7647316455841064,225.82667621213997,41.264651426628454,0.18073318212755834
15.181203842163086,2.7486605644226074,226.58513197258335,41.024784543621,0.1791164075704386
15.232063293457031,2.732726812362671,227.34422826055268,40.78696734869658,0.17751772798870796
15.282965660095215,2.716933012008667,228.10396507604796,40.55123898520398,0.17593717327974676
15.333911895751953,2.701282262802124,228.8643566530142,40.317645713464536,0.17437479178499773
15.38490104675293,2.685777425765991,229.62538875750639,40.0862302353133,0.1728306369020272
15.435935020446777,2.6704204082489014,230.38708985741457,39.85702101864032,0.17130466917901493
15.487005233764648,2.65517520904541,231.14933184723355,39.629480732021044,0.16979458454473756
15.538104057312012,2.640000104904175,231.91200085540314,39.402986640360815,0.16829773244617968
15.589221954345703,2.6248652935028076,232.67495454247316,39.177093932877725,0.16681225199182376
15.640351295471191,2.609740734100342,233.43807903688344,38.95135424030361,0.16533626437328772
15.691484451293945,2.594601631164551,234.2012604670738,38.72539748006792,0.16386823391268476
15.7426118850708,2.5794222354888916,234.96435649359404,38.4988393356551,0.16240659931140375
15.79372787475586,2.564181327819824,235.72728171277402,38.27136310178842,0.1609500541963598
15.84482479095459,2.5488510131835938,236.48992225305358,38.04255243557603,0.159496912687412
15.895894050598145,2.5333707332611084,237.25215000892752,37.81150348150908,0.1580435100958998
15.946918487548828,2.5177457332611084,238.0137087693855,37.5782945262852,0.1565903278207561
15.997897148132324,2.501939058303833,238.77458430048245,37.34237400453482,0.15513510625916657
16.04882049560547,2.4859352111816406,239.53463426276818,37.10351061465135,0.1536769967433153
16.099685668945312,2.4697470664978027,240.29381595440765,36.86189651489258,0.15221681600816628
16.15049171447754,2.453352212905884,241.0521151414558,36.617197207550504,0.15075321789899776
16.201231002807617,2.436751365661621,241.80941795235248,36.36942336808389,0.1492863269470692
16.251903533935547,2.4199366569519043,242.5657243870977,36.11845756644633,0.14781567856887928
16.302505493164062,2.402902126312256,243.32097750991136,35.86421084048143,0.1463409614399675
16.353031158447266,2.3856406211853027,244.07509191712336,35.60657643560153,0.14486181147449864
16.403480529785156,2.3681464195251465,244.82806760873365,35.345468948136514,0.14337790248297025
16.45384979248047,2.350416660308838,245.57984764896221,35.08084567625131,0.14188911457830752
16.504135131835938,2.332449197769165,246.3303751020289,34.812674593569625,0.1403953702381399
16.55433464050293,2.3142387866973877,247.07962150004371,34.540877413393844,0.1388963919227654
16.604442596435547,2.295775890350342,247.82750143933652,34.26531179627376,0.13739168183533165
16.654449462890625,2.2770166397094727,248.57387258045708,33.985322980738395,0.13587875235948335
16.704343795776367,2.257943630218506,249.31856411606518,33.70065119729113,0.13435670901219743
16.75412368774414,2.2385687828063965,250.06154757827073,33.41147437024472,0.13282630707899354
16.80379295349121,2.2189114093780518,250.80287990285387,33.118080736985846,0.13128868135863156
16.853342056274414,2.1989548206329346,251.54241875036436,32.820221203476635,0.12974295761881674
16.902774810791016,2.1787049770355225,252.28022105658232,32.51798473187347,0.12818948478656056
16.952083587646484,2.158156156539917,253.0161729499475,32.21128591850622,0.12662801594714745
17.00126838684082,2.1373085975646973,253.75027443046,31.90012832186115,0.12505859330035365
17.050325393676758,2.1161599159240723,254.48246856233965,31.584476357075705,0.12348113433610142
17.09925651550293,2.0947251319885254,255.21278381347653,31.26455420878396,0.12189651821476762
17.14806365966797,2.0730185508728027,255.9412486517607,30.940575386161232,0.12030557489129613
17.19675064086914,2.051044464111328,256.6679200129722,30.61260394196012,0.11870853961897497
17.245302200317383,2.0287656784057617,257.3925701539908,30.2800847523248,0.11710340230601954
17.293701171875,2.006134510040283,258.11494286380594,29.942306120004226,0.1154875806819558
17.341964721679688,1.983363389968872,258.83529435342814,29.60243865625182,0.11387309281970105
17.39015007019043,1.960130214691162,259.55447865955864,29.255674846136746,0.1122412390094198
17.437942504882812,1.9369088411331177,260.26779858034047,28.90908718109131,0.11062094855914932
17.48615837097168,1.9130408763885498,260.9874383727116,28.55284890132164,0.10896977804171126
17.533655166625977,1.8893153667449951,261.69634577053694,28.19873681708948,0.10733949568324104
17.58139991760254,1.8650200366973877,262.40895399406776,27.83611995070728,0.10568392409215505
17.628366470336914,1.8409661054611206,263.10994731846137,27.477106051658517,0.10405484866376177
17.675722122192383,1.8162792921066284,263.8167480924236,27.1086461508452,0.10239621055327652
17.72243881225586,1.7918212413787842,264.5140121232218,26.743600617593792,0.10076226029450343
17.76959228515625,1.766845703125,265.21779530083955,26.37083138992537,0.09910510806345431
17.816402435302734,1.7420388460159302,265.91645425824976,26.00057979128254,0.09746742965026148
17.86349105834961,1.7168923616409302,266.6192695276061,25.625259128969105,0.09581749050231064
17.910329818725586,1.6919950246810913,267.31835550336694,25.253657084792405,0.09419080155686516
17.957435607910156,1.666930079460144,268.02142698373365,24.87955342477827,0.09256147977227765
18.004505157470703,1.6420493125915527,268.72395757418957,24.50819869539631,0.09095052174744338
18.051671981811523,1.6170283555984497,269.42794002703766,24.134751576096264,0.08933931192433893
18.098779678344727,1.5921634435653687,270.1310399752944,23.763633486050278,0.08774487915114233
18.14594268798828,1.5671981573104858,270.8349654923624,23.39101727329083,0.08615252902992013
18.193098068237305,1.5423520803451538,271.5387771378702,23.02018030365901,0.08457454106401355
18.24026870727539,1.5174546241760254,272.24281652649836,22.648576480239182,0.08300142643463522
18.28746223449707,1.4926429986953735,272.947197529807,22.278253711871244,0.0814405793864256
18.334707260131836,1.4679468870162964,273.6523471661468,21.909655030093976,0.07989340957598456
18.382030487060547,1.443479299545288,274.3586639859783,21.544467157392358,0.0783658361170706
18.42943572998047,1.4191229343414307,275.0662049250816,21.180939318528814,0.07685140278138367
18.476943969726562,1.3950111865997314,275.7752831302472,20.821062486563154,0.07535713551818349
18.524547576904297,1.3710691928863525,276.4857847299149,20.46371929681123,0.07387893296526278
18.572240829467773,1.3473107814788818,277.1976243204145,20.109116141475848,0.07241747188139835
18.620023727416992,1.3237369060516357,277.91080190174614,19.757267254502025,0.07097271029188651
18.667898178100586,1.3003522157669067,278.62534594179976,19.40824202637174,0.06954479566516042
18.715866088867188,1.2771596908569336,279.34128490846547,19.06208493816319,0.06813378502570826
18.763925552368164,1.2541614770889282,280.0585903338532,18.718828016252658,0.06673970380338352
18.81207847595215,1.231359839439392,280.77729068585296,18.37850506625958,0.06536256884179599
18.860322952270508,1.2087563276290894,281.49735749657475,18.041139218344615,0.06400237165403548
18.908660888671875,1.1863535642623901,282.21881923390856,17.70676961585657,0.0626591463379683
18.95709228515625,1.1641522645950317,282.94167589785445,17.375406934254205,0.06133283227429898
19.005611419677734,1.1421445608139038,283.6658420847423,17.0469337434911,0.06002293662218147
19.054218292236328,1.120329737663269,284.39131779457205,16.72133936810849,0.058729325368056404
19.10291290283203,1.0987108945846558,285.11810302734375,16.3986700684277,0.05745206404908543
19.15169906616211,1.0773030519485474,285.84625471883743,16.079150029082797,0.056191826132930396
19.200559616088867,1.0560487508773804,286.5755166580428,15.761921654886272,0.05494557529760438
19.249475479125977,1.0349024534225464,287.3056041660593,15.446305274963377,0.053710922103209005
19.29842758178711,1.0137948989868164,288.0362325639867,15.13126714905696,0.0524842688733565
19.347118377685547,0.9932175278663635,288.7629608609783,14.824142206960648,0.05129168891040708
19.396345138549805,0.972499430179596,289.4976886350717,14.514916868352177,0.05009633233073742
19.444963455200195,0.9523553252220154,290.2233351522417,14.214258585403213,0.048937861786189404
19.49431610107422,0.9318864941596985,290.9599418070779,13.908753644174604,0.04776662259681024
19.542692184448242,0.9122498631477356,291.6819729022126,13.615669599219933,0.04664598508529647
19.591970443725586,0.8921313285827637,292.4174693093371,13.315392963921845,0.045504125759686896
19.64052391052246,0.8728301525115967,293.14214791824566,13.027315709128308,0.044411047353682565
19.689611434936523,0.8531145453453064,293.87479753636603,12.733052915601586,0.04330107223226109
19.73838996887207,0.8341070413589478,294.6028353562995,12.44935882625295,0.04223298214120007
19.787708282470703,0.8147217631340027,295.33892958911497,12.160026315432875,0.04114988153284197
19.836339950561523,0.796159565448761,296.06477538151523,11.882978588787477,0.04011488311844486
19.885562896728516,0.7772054076194763,296.79944621982855,11.600080710738451,0.039064020141073165
19.934778213500977,0.758892297744751,297.53400318658174,11.326750712608224,0.03805038635353935
19.984477996826172,0.7403331398963928,298.2757909974055,11.04974835666258,0.03702847530911387
20.033409118652344,0.7226478457450867,299.00610624854244,10.78578874246398,0.03605650190335836
20.083219528198242,0.7044903039932251,299.74954519698866,10.514780656615299,0.0350641766650971
20.133012771606445,0.687041699886322,300.4927279344245,10.254353729646597,0.034111893810955
20.182710647583008,0.6698893308639526,301.2344872773583,9.998348221850039,0.033179066406122594
20.233190536499023,0.6526169776916504,301.9879184552093,9.740551905845528,0.03224359482767154
20.28257179260254,0.636340320110321,302.72495212839607,9.497616718064492,0.03136346139932839
20.33296012878418,0.6199623346328735,303.4770168475251,9.253169173624977,0.030481067066436746
20.38277816772461,0.6044962406158447,304.2205696675315,9.02233194949022,0.02964851508086238
20.433439254760742,0.5887436866760254,304.97670529493644,8.787219204119781,0.02880478613361582
20.484113693237305,0.5736978054046631,305.7330401975717,8.562653812009897,0.027999643217106327
20.534730911254883,0.5591844916343689,306.4885210635057,8.34603718857267,0.027224429531050944
20.586450576782227,0.5445274710655212,307.26045636988397,8.127275687545092,0.026444603972082127
20.637237548828125,0.530851423740387,308.0184708780317,7.923155578214731,0.025717317337001496
20.68854522705078,0.5172677040100098,308.7842571201609,7.7204134926867125,0.024997405670898382
20.73893165588379,0.5046606063842773,309.53629337139984,7.532247856481751,0.024329171812823923
20.789514541625977,0.49200472235679626,310.2912618153131,7.343354065026809,0.023661586626827304
20.84003257751465,0.4800399839878082,311.0452623509649,7.164775880415048,0.0230304395134294
20.891578674316406,0.46809518337249756,311.81460707934934,6.986495274216381,0.02240217852081391
20.94234848022461,0.45693880319595337,312.5723653764867,6.819982137253035,0.02181542884894799
20.993696212768555,0.4457445740699768,313.33874944430676,6.652904090596668,0.02122911589787377
21.04492950439453,0.43511998653411865,314.10342543872434,6.4943281572256515,0.02067281810567531
21.096582412719727,0.4250293970108032,314.87436436895115,6.343722343444824,0.02014411135062241
21.149356842041016,0.41492027044296265,315.6620424185226,6.192839857357651,0.019616059871052822
21.20095443725586,0.40561988949775696,316.43215577993817,6.054028201459059,0.01912981845373529
21.253196716308594,0.39643391966819763,317.2118912881879,5.916924174152203,0.01865074498402049
21.30453109741211,0.38790276646614075,317.9780760807777,5.7895935293453835,0.01820551262822309
21.35637855529785,0.37945666909217834,318.7519187357888,5.663532374510124,0.017765968358357725
21.407888412475586,0.37147238850593567,319.52072257426244,5.544364007551279,0.017350385292406862
21.459850311279297,0.36355844140052795,320.29627330267607,5.42624539403773,0.01693971116457534
21.51141357421875,0.3560415506362915,321.0658742420709,5.314052994571514,0.016549774509701205
21.563629150390625,0.3485662639141083,321.84521119986005,5.20248155095684,0.016163137799687373
21.615400314331055,0.34142792224884033,322.6179151392694,5.095939138042393,0.015794272881818814
21.667757034301758,0.33430373668670654,323.3993587209217,4.989608010249351,0.015427402743024754
21.719449996948242,0.32747921347618103,324.1708954768394,4.8877494548683735,0.015076551242139545
21.771852493286133,0.32062461972236633,324.9530222878527,4.7854420854084525,0.014725501410448337
21.82360076904297,0.3140254020690918,325.7253846125816,4.6869462995386835,0.014388264110143783
21.875019073486328,0.30737781524658203,326.49282199233323,4.587728585769881,0.014050620319252399
21.92580795288086,0.3009187877178192,327.250864968371,4.491325189818197,0.013723548836503187
21.976247787475586,0.2943773567676544,328.0036983205311,4.393691892054544,0.013394449977536492
22.026512145996094,0.28785833716392517,328.75391262680733,4.296393091998883,0.013067976855331431
22.077516555786133,0.2810005843639374,329.5151724744199,4.19403857259608,0.012727220071709136
22.129850387573242,0.27375414967536926,330.29627444139163,4.0858828309756605,0.012369726064722673
22.183223724365234,0.2659779191017151,331.0928914084363,3.9698196880852996,0.011989473564922283
22.23590850830078,0.25806477665901184,331.8792314671758,3.851713084462863,0.011605246123455842
22.288963317871094,0.24963530898094177,332.6710942965835,3.725900134043907,0.0111994832694739
22.34132957458496,0.24103009700775146,333.45268021768595,3.5974641344440514,0.010788111132830305
22.393911361694336,0.23185795545578003,334.2374830103632,3.46056649934,0.01035324590645401
22.44548797607422,0.2225245237350464,335.0072832249883,3.3212615482842742,0.009913673249297867
22.497711181640625,0.21277250349521637,335.78673405433767,3.175709007391289,0.0094572358197235
22.5492000579834,0.20301862061023712,336.5552247460208,3.0301286658244346,0.009003119168558246
22.601797103881836,0.19253753125667572,337.34025528181843,2.873694496368294,0.008518476350496778
22.653301239013672,0.18272295594215393,338.10897371662196,2.7272082976440886,0.008065888120831317
22.700199127197266,0.17359760403633118,338.8089421969741,2.5910090154676295,0.007647255384178381
22.74910545349121,0.16268715262413025,339.53888736554046,2.428166457076571,0.007151242920680076
22.798887252807617,0.15186446905136108,340.28189929563604,2.266633866438225,0.006660948903968881
22.849653244018555,0.14030861854553223,341.03960065699334,2.094158485754212,0.006140436951004204
22.89979362487793,0.12952807545661926,341.78796455041686,1.9332548575614814,0.005656238490329578
22.945775985717773,0.11923089623451233,342.47426844354885,1.7795656154404824,0.005196155633498784
22.9945011138916,0.1073598638176918,343.2015091625612,1.6023860271297283,0.00466890249911307
23.044416427612305,0.09569922834634781,343.9465138449597,1.4283466917365344,0.004152792435139787
23.095279693603516,0.08371005207300186,344.70566706870915,1.2494037622836098,0.0036245365550669653
23.14714241027832,0.07184603810310364,345.47973746684056,1.0723289269119944,0.003103873735563379
23.199323654174805,0.05983799323439598,346.258562002609,0.8931043766327758,0.002579293320378853
23.250059127807617,0.04855302348732948,347.0158078777256,0.7246719923482012,0.0020882937389952796
23.300548553466797,0.037642739713191986,347.7693813950268,0.5618319360177908,0.0016155287880224344
23.35100555419922,0.027415992692112923,348.5224709581973,0.4091939207778048,0.001174081348708101
23.401445388793945,0.017987901344895363,349.2753043103574,0.2684761394760502,0.0007686661017445659
23.452417373657227,0.009335341863334179,350.03608020383916,0.1393334606467788,0.00039805454685308545
23.504013061523438,0.0015645649982616305,350.8061650973647,0.023351716391964632,6.656586651204624e-05
23.55622100830078,-0.005192064214497805,351.58538818359375,-0.0774934957387732,-0.0002204115901523081
23.608911514282227,-0.010778488591313362,352.3718136460034,-0.16087296404945314,-0.0004565431928504361
23.66181755065918,-0.015267107635736465,353.16145597998775,-0.22786727814532037,-0.0006452211663128458
23.714799880981445,-0.01862843707203865,353.9522370295738,-0.2780363742095321,-0.0007855193100523423
23.767845153808594,-0.02093946747481823,354.74395751953125,-0.31252936529579445,-0.0008809995993263825
23.820924758911133,-0.02215266227722168,355.5361904315094,-0.3306367504062937,-0.0009299662425064066
23.874013900756836,-0.022220144048333168,356.32856568293784,-0.331643941019898,-0.0009307248343175045
23.92708396911621,-0.021108409389853477,357.1206562554658,-0.31505088641572354,-0.0008821970926784402
23.980113983154297,-0.01879965513944626,357.9121490023029,-0.2805918677529292,-0.0007839683873558569
24.03307342529297,-0.015286548994481564,358.7025884372085,-0.22815744767882928,-0.000636062923057929
24.0859375,-0.010564666241407394,359.49160447761193,-0.15768158569264767,-0.0004386238054421744
24.13867950439453,-0.0046348306350409985,360.2787985730527,-0.06917657664240295,-0.00019200845585771979
24.1912841796875,0.002443282399326563,361.06394298041045,0.03646690148248601,0.00010099845766230025
24.243759155273438,0.010553708299994469,361.8471515712453,0.15751803432827563,0.000435316469106845
24.296091079711914,0.019619477912783623,362.62822507032706,0.2928280285490093,0.0008075156445501948
24.348207473754883,0.029759975150227547,363.40608169783405,0.44417873358548576,0.0012222649393190707
24.400123596191406,0.040908411145210266,364.1809491968866,0.6105733006747801,0.0016765641638887192
24.45179557800293,0.05312085151672363,364.95217280601383,0.7928485301003527,0.002172469002414686
24.503211975097656,0.06649962067604065,365.7195817178754,0.9925316518812036,0.0027139077717821865
24.554256439208984,0.08112761378288269,366.48143939117887,1.2108599072072042,0.003304002252136013
24.604700088500977,0.09702923148870468,367.234329679119,1.44819748490604,0.003943503808816883
24.654483795166016,0.11429140716791153,367.9773700771047,1.7058418980285301,0.004635691804485182
24.7036190032959,0.132968470454216,368.7107313924761,1.9846040366300894,0.005382498262490678
24.752033233642578,0.15309420228004456,369.4333318454116,2.284988093732008,0.006185037351869735
24.79989242553711,0.17476961016654968,370.1476481423449,2.6085016442768607,0.007047075610825562
24.847152709960938,0.19804206490516663,370.853025521805,2.9558517150024866,0.007970244062657806
24.89373207092285,0.22294969856739044,371.54823986452016,3.327607441304335,0.008955818164001197
24.939544677734375,0.24951808154582977,372.2320101154384,3.7241504708332798,0.010004583476518053
24.984466552734375,0.2776293456554413,372.9024858617071,4.143721576946884,0.011111620848544676
25.02842903137207,0.30721667408943176,373.5586422592846,4.5853234938721155,0.012274092225687372
25.071352005004883,0.33822616934776306,374.19928365678925,5.048151781309896,0.01348972536686545
25.111988067626953,0.3688095211982727,374.80579205413363,5.504619719377204,0.014685536116284236
25.148483276367188,0.3967937231063843,375.3504966621968,5.922294374722153,0.01577672883343269
25.18073081970215,0.42223793268203735,375.8318032791365,6.302058696746826,0.016766724048918755
25.208740234375,0.4451839029788971,376.24985424440297,6.644535865356673,0.01765806729499921
25.232519149780273,0.46566149592399597,376.6047634295563,6.950171580955163,0.018452721225621596
25.2520809173584,0.48368802666664124,376.8967301098268,7.219224278606585,0.019152040886152286
25.267440795898438,0.49926742911338806,377.1259820283349,7.45175267333415,0.019756748295934524
25.278614044189453,0.5123878121376038,377.29274692820076,7.647579285635876,0.020266841202957325
25.28563117980957,0.5230178833007812,377.3974802956652,7.806237064190764,0.02068144191050958
25.288619995117188,0.5310528874397278,377.44208947936096,7.926162499100414,0.020996592372650405
25.287681579589844,0.5364023447036743,377.42808327746036,8.00600514483096,0.021208821120761886
25.28288459777832,0.5389786958694458,377.3564865340048,8.04445814730516,0.021314698844133385
25.274335861206055,0.5386526584625244,377.2288934508366,8.03959191735111,0.02130901201772822
25.262203216552734,0.5352329015731812,377.0478092022796,7.988550769748972,0.02118393360450264
25.246761322021484,0.5284283757209778,376.81733316449976,7.886990682402653,0.02092748544236817
25.22852897644043,0.5177875757217407,376.5452086035885,7.728172771966279,0.020521009845805037
25.208572387695312,0.5026898384094238,376.2473490700793,7.502833409095878,0.01993858337619333
25.188350677490234,0.4827607274055481,375.9455324998542,7.205383991127583,0.01916368541508555
25.169015884399414,0.4580047130584717,375.6569534984987,6.8358912396786815,0.018195155946289353
25.151329040527344,0.42857515811920166,375.3929707541394,6.39664415103286,0.017038212364020748
25.13581657409668,0.3946678042411804,375.16144140442805,5.890564242405677,0.015700121570365988
25.122896194458008,0.3565012812614441,374.96859991728365,5.320914645693195,0.014189341567112036
25.11295509338379,0.31433549523353577,374.8202252743849,4.691574555724414,0.012516212439257124
25.10645294189453,0.26852965354919434,374.72317823723176,4.007905276853647,0.010695235015126897
25.103984832763672,0.22006578743457794,374.68634078751745,3.2845639915608644,0.00876594501318682
25.105417251586914,0.17125944793224335,374.707720172939,2.556111163167811,0.006821507478029274
