10.0,4.5,149.25373134328356,67.16417910447761,0.4228539261329407
10.005189895629883,4.50000524520874,149.3311924720878,67.16425739117523,0.42266022949485016
10.019303321838379,4.4999470710754395,149.5418406244534,67.16338912052895,0.4221283184105967
10.042268753051758,4.499758243560791,149.88460825450383,67.16057079941478,0.4212576367814474
10.074041366577148,4.499363899230957,150.3588263668231,67.1546850631486,0.4200474699113037
10.114306449890137,4.498706340789795,150.95979775955428,67.14487075805664,0.4185098757493986
10.157862663269043,4.497781753540039,151.60989049655288,67.13107094835878,0.4168404326993483
10.20039176940918,4.496628761291504,152.24465327476386,67.11386210882841,0.4152012209989153
10.242080688476562,4.495212554931641,152.86687594741136,67.09272470047225,0.4135819180686783
10.283897399902344,4.493582248687744,153.4910059686917,67.06839177145886,0.41195142633328885
10.32589054107666,4.491705417633057,154.1177692698009,67.04037936765756,0.4103055167473466
10.367849349975586,4.489583492279053,154.74402014888932,67.00870883998586,0.40865190918270045
10.409794807434082,4.487218856811523,155.3700717527475,66.97341577330631,0.40699009333276337
10.451769828796387,4.4846038818359375,155.99656460890128,66.93438629605876,0.4053180077544656
10.49376106262207,4.4817328453063965,156.62329944212044,66.89153500457307,0.4036357299374555
10.53575611114502,4.478601932525635,157.2500912111197,66.84480496306917,0.40194344858994857
10.5777587890625,4.475207805633545,157.87699685167908,66.79414635273947,0.4002408305635214
10.619769096374512,4.4715447425842285,158.50401636379868,66.73947376991386,0.3985274860719448
10.66179084777832,4.46760892868042,159.1312066832585,66.68073027881223,0.3968030536445894
10.703819274902344,4.463395118713379,159.75849664033348,66.61783759273699,0.3950673486308091
10.746206283569336,4.458878517150879,160.39113856073635,66.5504256291176,0.3933068834857996
10.789548873901367,4.454011917114258,161.03804289405025,66.47778980767549,0.3914987494455946
10.834348678588867,4.448711395263672,161.70669669535621,66.39867754124883,0.3896208737071295
10.880678176879883,4.442941665649414,162.39818174447586,66.31256217387185,0.38766942687644185
10.929117202758789,4.4366230964660645,163.1211522799819,66.21825517113528,0.3856210530685791
10.979439735412598,4.429764270782471,163.87223485690444,66.11588463854433,0.38348553444113015
11.030719757080078,4.422341346740723,164.637608314628,66.00509472747346,0.38129182334693285
11.082368850708008,4.414223670959473,165.40849030907472,65.88393538745481,0.3790490474829847
11.134212493896484,4.405296802520752,166.18227602830572,65.75069854508584,0.3767543047469098
11.185916900634766,4.395499229431152,166.95398359156366,65.60446611091272,0.3744135275672416
11.237360954284668,4.384779930114746,167.72180528783085,65.44447656887681,0.3720266991196767
11.288466453552246,4.373085975646973,168.4845739336156,65.26993993502944,0.3695922629406123
11.339214324951172,4.360349178314209,169.24200485001748,65.07983848230162,0.3671056806225766
11.389602661132812,4.346513271331787,169.99406956914643,64.87333240793711,0.36456284113867
11.439952850341797,4.331632137298584,170.74556493047456,64.65122592982961,0.36195871936679086
11.49024772644043,4.315936088562012,171.4962347229915,64.41695654570167,0.35931177484982973
11.540164947509766,4.29979133605957,172.24126787328007,64.17599009044135,0.35665926217833144
11.589412689208984,4.283585071563721,172.97630879416394,63.93410554572717,0.35403852641961353
11.638370513916016,4.267384052276611,173.70702259576143,63.69229928771061,0.3514433951257601
11.687650680541992,4.251130104064941,174.442547470776,63.44970304574539,0.34885226022984767
11.73728084564209,4.2349467277526855,175.18329620361328,63.20816011571172,0.34627385241428943
11.78738021850586,4.218894958496094,175.93104803740087,62.968581470090946,0.34370967981738676
11.837966918945312,4.20310115814209,176.6860734170942,62.732853106598355,0.34116892853692443
11.888896942138672,4.187549114227295,177.4462230169951,62.50073304816858,0.3386543073862447
11.939909934997559,4.172264575958252,178.2076109701128,62.27260561131719,0.3361745358489747
11.991006851196289,4.157258987426758,178.97025151039236,62.04864160338444,0.3337302145824416
12.042190551757812,4.14255428314209,179.73418733966884,61.82916840510582,0.33132266493067897
12.093462944030762,4.128167152404785,180.49944692583225,61.614435110519175,0.3289528281169772
12.14482593536377,4.114114284515381,181.26605873677266,61.4046908136624,0.32662163242447684
12.196279525756836,4.100409507751465,182.0340227724901,61.200141906738274,0.3243298295050973
12.24782657623291,4.0870771408081055,182.80338173481954,61.00115135534485,0.3220788586554511
12.299469947814941,4.074134826660156,183.57417832559614,60.80798248746502,0.31986965152438157
12.351208686828613,4.061601638793945,184.3463983108748,60.62091998199918,0.3177033224782517
12.403045654296875,4.049496650695801,185.12008439249067,60.44024851784777,0.3155808766825364
12.454980850219727,4.037837982177734,185.89523657044367,60.26623853996618,0.3135033024636368
12.507013320922852,4.0266432762146,186.67184061078882,60.099153376337306,0.311471558858999
12.559144020080566,4.015929698944092,187.44991074747114,59.93924923797152,0.3094865088908705
12.611369132995605,4.005712509155273,188.22939004471053,59.786753867989155,0.3075489718585891
12.663689613342285,3.99600887298584,189.01029273645202,59.64192347740059,0.3056597779598459
12.716095924377441,3.9869120121002197,189.7924764832454,59.50614943433163,0.30382542318689815
12.768607139587402,3.978381395339966,190.57622596399108,59.37882679611889,0.3020421294169841
12.821202278137207,3.9703712463378906,191.3612280318986,59.25927233340135,0.3003066766914437
12.873875617980957,3.962864398956299,192.14739728329786,59.14722983516864,0.2986175631895266
12.926619529724121,3.955857992172241,192.93461984662866,59.04265659958568,0.2969743501573291
12.979429244995117,3.9493563175201416,193.72282455216592,58.94561667940509,0.2953770383241731
13.032304763793945,3.9432389736175537,194.51201139990962,58.85431303906796,0.2938167543635192
13.085238456726074,3.9374144077301025,195.3020665182996,58.76737921985227,0.2922869139107916
13.138214111328125,3.9318044185638428,196.09274793027052,58.683648038266305,0.29078212075463566
13.191221237182617,3.926342725753784,196.8838990624271,58.602130235131106,0.2892977486601067
13.244279861450195,3.9209165573120117,197.67581882761485,58.521142646447935,0.2878253689501336
13.297364234924316,3.915408134460449,198.46812290931814,58.4389273800067,0.2863572530029508
13.350424766540527,3.9097633361816406,199.26007114239593,58.35467665942747,0.28489063043762525
13.403464317321777,3.903998851776123,200.05170622868323,58.2686395787481,0.2834265628472737
13.456494331359863,3.898134231567383,200.84319897552032,58.18110793384153,0.2819661257572907
13.509515762329102,3.8921873569488525,201.63456361685226,58.0923486111769,0.28051047901048687
13.562528610229492,3.8861703872680664,202.425800152679,58.00254309355323,0.27906039743485694
13.615533828735352,3.880099296569824,203.21692281694553,57.91192979954961,0.2776168871274612
13.668530464172363,3.8739867210388184,204.0079173757069,57.820697328937584,0.2761807529355591
13.721522331237793,3.8678436279296875,204.79884076474318,57.72900937208488,0.27475258614036896
13.774507522583008,3.8616836071014404,205.58966451616428,57.63706876270806,0.27333325696105076
13.827489852905273,3.8555185794830322,206.38044556575034,57.54505342511988,0.271923405244552
13.880470275878906,3.849360704421997,207.17119814744635,57.45314484211936,0.2705237336718075
13.933449745178223,3.8432207107543945,207.96193649519734,57.361503145587974,0.2691348413749826
13.986429214477539,3.8371083736419678,208.75267484294832,57.2702742334622,0.2677572571714486
14.039409637451172,3.83103084564209,209.54342742464434,57.1795648603297,0.2663913299519672
14.092392921447754,3.8249940872192383,210.33422270817542,57.089463988346836,0.26503730880044984
14.145380020141602,3.819002628326416,211.12507492748657,57.00003922875248,0.2636953631457531
14.198370933532715,3.813060760498047,211.9159840825778,56.9113546342992,0.26236566179530213
14.251367568969727,3.807173252105713,212.7069786413392,56.82348137471213,0.26104836927048425
14.304368019104004,3.801345109939575,213.49803013588064,56.73649417820261,0.25974373045380844
14.357375144958496,3.7955803871154785,214.28918126803725,56.65045353903699,0.25845184230950063
14.41038703918457,3.789883852005005,215.08040356991896,56.56543062694037,0.2571729293380305
14.463406562805176,3.7842609882354736,215.87173974336082,56.48150728709662,0.2559071780718061
14.516432762145996,3.778719186782837,216.66317555441785,56.39879383257965,0.2546549607575768
14.569466590881348,3.7732648849487305,217.45472523703503,56.31738634251836,0.2534165515596768
14.622509002685547,3.76790452003479,218.2464030251574,56.237380896041635,0.25219222148965836
14.675559043884277,3.762648344039917,219.03819468483994,56.15893050805846,0.25098251359355245
14.728617668151855,3.7575042247772217,219.83011445002768,56.082152608615246,0.2497877808848193
14.781686782836914,3.7524755001068115,220.62219078861065,56.00709701651957,0.24860806893020065
14.834765434265137,3.7475664615631104,221.41440946664383,55.933827784524034,0.24744352931974353
14.887853622436523,3.742781639099121,222.2067704841272,55.86241252386748,0.24629431118002698
14.940953254699707,3.738125801086426,222.99930230895083,55.79292240427501,0.24516054654228855
14.994062423706055,3.7336034774780273,223.79197647322468,55.72542503698548,0.24404241083000264
15.047182083129883,3.7292184829711914,224.58480721089376,55.65997735777897,0.24293998733691186
15.100312232971191,3.7249600887298584,225.37779452195807,55.596419234774004,0.2418524651489246
15.153454780578613,3.7207837104797363,226.17096687430765,55.53408523104084,0.2407769064369347
15.206609725952148,3.716637372970581,226.9643242679425,55.472199596575834,0.23970997890697035
15.259775161743164,3.7124738693237305,227.75783823497258,55.41005775110045,0.2386487134212948
15.312943458557129,3.708268404006958,228.55139490383772,55.34728961204414,0.23759164339224817
15.366113662719727,3.704002857208252,229.34498004059293,55.28362473445152,0.23653762907853274
15.419282913208008,3.6996541023254395,230.1385509434031,55.21871794515581,0.23548526496037533
15.473828315734863,3.6947433948516846,230.95266142887854,55.145423803756486,0.2343851558365103
15.530036926269531,3.6888599395751953,231.7915959144706,55.057611038435745,0.2332088245093657
15.586155891418457,3.6822240352630615,232.62919240923068,54.95856769049345,0.23199588995843937
15.641969680786133,3.674788475036621,233.46223404158405,54.84758917965106,0.23074686712956463
15.697461128234863,3.666471242904663,234.29046460052032,54.72345138663676,0.22945728937173573
15.752614974975586,3.657196283340454,235.11365634291917,54.585019154335136,0.22812306218003717
15.805949211120605,3.647981882095337,235.90968971821798,54.44749077754234,0.22682618748062203
15.855683326721191,3.639242649078369,236.65198995106255,54.31705446385625,0.22561522514967072
15.903349876403809,3.6306958198547363,237.3634309911016,54.18948984857815,0.2244508730540912
15.951367378234863,3.622241497039795,238.0801101229084,54.063305925967086,0.22329362986503207
15.999723434448242,3.613997459411621,238.80184230519762,53.940260588233144,0.222150687497454
16.04843521118164,3.606083869934082,239.5288837489797,53.82214731244898,0.22102890804219869
16.097518920898438,3.598621129989624,240.26147643131995,53.71076313417349,0.21993511280433736
16.146982192993164,3.5917317867279053,240.99973422377855,53.60793711534187,0.21887629267486267
16.19683074951172,3.585538625717163,241.74374253002563,53.515501876375566,0.21785940113125576
16.247066497802734,3.5801656246185303,242.49352981795124,53.435307830127314,0.21689143184508275
16.297683715820312,3.5757386684417725,243.24901068388525,53.369233857339886,0.21597950479138242
16.348669052124023,3.5723836421966553,244.00998585259734,53.319158838756046,0.21513074792629416
16.40000343322754,3.570228099822998,244.77617064518714,53.28698656452236,0.21435236504927538
16.451658248901367,3.5694005489349365,245.54713804330396,53.27463505873039,0.21365163703414325
16.503599166870117,3.5700294971466064,246.3223756249271,53.28402234547173,0.21303581313074824
16.555774688720703,3.5722434520721436,247.1011147570254,53.31706644883796,0.2125122506305324
16.608129501342773,3.5761682987213135,247.88252987078764,53.37564624957184,0.21208809268866277
16.660585403442383,3.581923484802246,248.66545378272212,53.461544549287254,0.21177028665037292
16.714244842529297,3.5889041423797607,249.46634093327307,53.56573346835464,0.2115097448217731
16.7692928314209,3.596510648727417,250.2879527077746,53.679263413842044,0.21126954535987102
16.825300216674805,3.6045658588409424,251.12388383096723,53.79949043046182,0.2110447123341806
16.882488250732422,3.612818479537964,251.97743657809585,53.92266387370095,0.2108182204286695
16.940149307250977,3.6210672855377197,252.83804936195486,54.04578038115999,0.21058731259710559
16.99693489074707,3.6292293071746826,253.68559538428462,54.167601599622124,0.21036358376931807
17.05345916748047,3.637204885482788,254.52924130567862,54.28664008183266,0.21013399255562557
17.109683990478516,3.644876003265381,255.36841776833603,54.40113437709523,0.20989244075541147
17.16567039489746,3.652137279510498,256.20403574473823,54.509511634485044,0.2096324324346855
17.221397399902344,3.6588895320892334,257.03578208809466,54.6102915237199,0.20934886766737226
17.276939392089844,3.6650383472442627,257.86476704611704,54.70206488424272,0.20903584946690165
17.332305908203125,3.6704931259155273,258.6911329582556,54.78347949127652,0.20868852466501447
17.387447357177734,3.6751694679260254,259.51413965936916,54.853275640686945,0.20830312565361545
17.442241668701172,3.678994655609131,260.3319652044951,54.91036799416613,0.20787740151995532
17.496658325195312,3.681903839111328,261.1441541073927,54.953788643452654,0.20740848592423722
17.550512313842773,3.6838507652282715,261.94794498272796,54.982847242213005,0.2068963194613118
17.6036434173584,3.685136318206787,262.74094652773726,55.0020346001013,0.20635942132157847
17.657756805419922,3.6856884956359863,263.5486090361182,55.01027605426845,0.20577470696425057
17.71070098876953,3.6856157779693604,264.33882072790345,55.0091907159606,0.20517277446180526
17.76459312438965,3.6847918033599854,265.1431809610395,54.99689258746246,0.20452312131059086
17.81719207763672,3.6833906173706055,265.92823996472714,54.97597936374038,0.20386054690444383
17.870695114135742,3.6812446117401123,266.72679274829466,54.9439494289569,0.20315171227233875
17.922941207885742,3.6785666942596436,267.5065851923245,54.90398051133796,0.20243223908951388
17.976207733154297,3.675208806991577,268.3016079575268,54.85386279091906,0.20166928692101607
18.02825164794922,3.6713974475860596,269.0783828052122,54.796976829642674,0.20089971653369051
18.081350326538086,3.666912078857422,269.8709003960908,54.73003102772271,0.20008716817336927
18.133359909057617,3.6620230674743652,270.64716282175544,54.657060708572615,0.1992693797126089
18.18632698059082,3.6564972400665283,271.43771612822115,54.57458567263475,0.19841216927472638
18.238195419311523,3.650650978088379,272.2118719300227,54.48732803116983,0.19755434530421684
18.291065216064453,3.644134998321533,273.0009733740963,54.39007460181392,0.19665538518638873
18.342859268188477,3.637354850769043,273.7740189281862,54.288878369687204,0.1957586204473757
18.39551544189453,3.629913091659546,274.5599319685751,54.17780733820217,0.19482306850762426
18.44727325439453,3.622250556945801,275.3324366327542,54.06344114844479,0.19389019846986294
18.499645233154297,3.613960027694702,276.1141079575268,53.93970190589108,0.19292326298659282
18.551122665405273,3.605503797531128,276.88242784186974,53.81348951538997,0.19196184820152964
18.603416442871094,3.596446990966797,277.66293198315066,53.67831329801189,0.19096609874166673
18.654531478881836,3.587411403656006,278.4258429683856,53.54345378591053,0.18998836566057464
18.706008911132812,3.5778374671936035,279.19416285272854,53.40055921184482,0.18898427237506632
18.756803512573242,3.5682032108306885,279.95229123243644,53.25676434075654,0.18798888746292045
18.80866050720215,3.5579724311828613,280.7262762268977,53.10406613705763,0.1869575676061302
18.859542846679688,3.54787278175354,281.48571412954755,52.9533251007991,0.18594762400984816
18.911357879638672,3.5371689796447754,282.2590728304279,52.79356686036978,0.18490295329490616
18.962644577026367,3.526575803756714,283.02454592576663,52.63545975756289,0.18387423342567152
19.014501571655273,3.515472650527954,283.79853092022796,52.469741052656026,0.1828193759219785
19.0651798248291,3.504695177078247,284.5549227586433,52.30888323997383,0.18179736463288818
19.11656379699707,3.493377923965454,285.3218477163742,52.13996901440976,0.18074653817299602
19.167987823486328,3.4821746349334717,286.0893704997959,51.97275574527569,0.17970633328749253
19.219615936279297,3.4708917140960693,286.85993934745215,51.80435394173237,0.1786654351477021
19.272218704223633,3.4591920375823975,287.6450552869199,51.629731904214886,0.1775999806611817
19.3233699798584,3.448037624359131,288.40850716206563,51.46324812476315,0.17658025653927886
19.375131607055664,3.436469793319702,289.18106876202484,51.29059393014481,0.17553944414217243
19.426305770874023,3.425241231918335,289.9448622518511,51.12300346146768,0.17452590527449757
19.478084564208984,3.4137284755706787,290.71768006282065,50.9511712771743,0.1734978982769158
19.528888702392578,3.4026620388031006,291.4759507819788,50.78600057915075,0.17250559395201664
19.58070182800293,3.391181230545044,292.2492810149691,50.614645232015576,0.17148888671761284
19.6319637298584,3.3800344467163086,293.01438402773726,50.448275324124005,0.17049840958213655
19.683698654174805,3.368946075439453,293.78654707723587,50.28277724536497,0.16951164333714142
19.7364501953125,3.357573986053467,294.5738835121268,50.11304456796219,0.1685072313092678
19.787761688232422,3.3468174934387207,295.3397266900361,49.95249990207046,0.16755004199238485
19.83966827392578,3.335840940475464,296.1144518496385,49.78867075336513,0.1665818042470635
19.89100456237793,3.3252687454223633,296.88066511011834,49.630876797348705,0.16564274495236278
19.942956924438477,3.3145675659179688,297.65607349908174,49.471157700268186,0.16469693729888227
19.99384117126465,3.304428815841675,298.4155398696216,49.3198330722638,0.16379172439514458
20.045536041259766,3.294046401977539,299.1871050934293,49.16487167130655,0.16287253130888166
20.096866607666016,3.2840218544006348,299.953232950239,49.015251558218424,0.16197802014345222
20.14854621887207,3.274279832839966,300.7245704309264,48.86984825134277,0.16109872601081582
20.201417922973633,3.264286518096924,301.51370034289005,48.72069429995408,0.1602022648461626
20.25307846069336,3.2548911571502686,302.284753144677,48.58046503209356,0.1593483736451643
20.305307388305664,3.24564266204834,303.06428937769647,48.442427791766264,0.1585012847519026
20.356861114501953,3.2370476722717285,303.83374797764105,48.3141443622646,0.15769476863934803
20.409696578979492,3.2282168865203857,304.6223369996939,48.1823415898565,0.1568711586999643
20.462284088134766,3.2197718620300293,305.4072251960413,48.05629644820939,0.15607184629246135
20.514816284179688,3.211829662322998,306.1912878235774,47.93775615407459,0.15530076817281116
20.567768096923828,3.203929901123047,306.9816133869228,47.819849270493236,0.15453235584763333
20.619163513183594,3.196700096130371,307.7487091519939,47.711941733289116,0.15381086150302758
20.670581817626953,3.1894497871398926,308.51614653174556,47.603728166267054,0.1530916590170829
20.721633911132812,3.182546854019165,309.27811807660913,47.500699313718876,0.15239489629695152
20.77374267578125,3.175649404525757,310.05586083255594,47.397752306354576,0.15169406969716306
20.82551383972168,3.169025421142578,310.8285647719654,47.29888688272504,0.15101184602632975
20.87752342224121,3.162914752960205,311.60482719763,47.207682880003055,0.15035520964178203
20.93086814880371,3.15667724609375,312.401017146324,47.11458576259328,0.14968637471197155
20.9831485748291,3.1508333683013916,313.1813220123746,47.027363705990915,0.14904659924626948
21.03557014465332,3.1455776691436768,313.96373350228833,46.948920434980245,0.14843625033312194
21.089351654052734,3.14023756980896,314.766442597802,46.86921745983522,0.14781551563970544
21.142330169677734,3.135174036026001,315.557166711608,46.79364232874628,0.14721613487346985
21.19436264038086,3.1309216022491455,316.3337707519531,46.73017316789769,0.14666354841485033
21.247671127319336,3.1266496181488037,317.12941981073635,46.66641221117617,0.14610402792616098
21.300321578979492,3.1226279735565186,317.9152474474551,46.60638766502266,0.14556315530502065
21.352832794189453,3.118777275085449,318.69899692820076,46.548914553514166,0.1450336358457032
21.404638290405273,3.1150894165039062,319.47221328963093,46.493871888118,0.14451878137826749
21.457305908203125,3.111924409866333,320.25829713736005,46.446632983079596,0.14402449538785725
21.51129722595215,3.1087026596069336,321.0641377007783,46.39854715831244,0.14352126419666833
21.564342498779297,3.1056156158447266,321.8558581907358,46.352471878279495,0.14303278915535234
21.617456436157227,3.1027705669403076,322.6486035247347,46.31000846179563,0.14255716495101978
21.669097900390625,3.100253105163574,323.41937164762123,46.27243440542648,0.14210814779383954
21.720722198486328,3.097852945327759,324.1898835594974,46.2366111242949,0.14166661171158884
21.771751403808594,3.095508337020874,324.9515134896805,46.201616970460805,0.14123342431073788
21.822940826416016,3.093230962753296,325.71553472262707,46.16762630975068,0.14080420989307071
21.873472213745117,3.090956211090088,326.4697345335092,46.13367479238937,0.14038123783731726
21.924287796020508,3.088639736175537,327.22817606000757,46.09910053993339,0.13995650866130294
21.974695205688477,3.086233615875244,327.98052545803694,46.063188296645436,0.1395322510157325
22.02579689025879,3.0836167335510254,328.7432371680416,46.024130351507836,0.13909617164633942
22.077098846435547,3.080756664276123,329.50893800650067,45.981442750389895,0.1386500114546926
22.129377365112305,3.0775487422943115,330.28921440466127,45.933563317825545,0.13818442243693366
22.18181610107422,3.073967695236206,331.07188210558536,45.88011485427173,0.13770348174175948
22.235307693481445,3.0698981285095215,331.8702640818126,45.81937505238091,0.13719677009962097
22.288246154785156,3.0654749870300293,332.6603903699277,45.75335801537357,0.13668020124250455
22.34170150756836,3.0605270862579346,333.45823145624416,45.67950875011842,0.13613984088780864
22.394041061401367,3.0552406311035156,334.23941882688604,45.60060643438083,0.1355938128522515
22.447046279907227,3.049680709838867,335.03054149115263,45.51762253490846,0.13503433214157443
22.49996566772461,3.0440316200256348,335.8203831003673,45.433307761576636,0.13447401800522155
22.55427360534668,3.0377674102783203,336.6309493335325,45.33981209370627,0.13388131583778243
22.606958389282227,3.0318655967712402,337.41728939227204,45.251725324943884,0.13331657146485212
22.657453536987305,3.0257375240325928,338.17094831324334,45.16026155272526,0.13275723641390508
22.71027374267578,3.0188629627227783,338.9593095921758,45.05765616004147,0.13215462927053573
22.763816833496094,3.011464834213257,339.7584602014342,44.94723633154114,0.13152798894703718
22.81492042541504,3.004765510559082,340.52120037932895,44.847246426254955,0.13094813120327092
22.863853454589844,2.9977569580078125,341.25154409835585,44.742641164295705,0.13036971800622515
22.916025161743164,2.9899539947509766,342.0302262946741,44.626179026133975,0.12974146420376526
22.96723747253418,2.98250412940979,342.79458914230116,44.514987006116264,0.12913641500402281
23.018308639526367,2.97468638420105,343.55684536606515,44.39830424180671,0.12851902361414558
23.068126678466797,2.9674270153045654,344.30039818607156,44.28995545230694,0.12793495209310463
23.11553382873535,2.9601261615753174,345.0079675930649,44.18098748619877,0.12736468436731105
23.164453506469727,2.9523732662200928,345.7381120368616,44.06527263015064,0.12676927491830486
23.215442657470703,2.944519281387329,346.4991441413538,43.948048975930284,0.12616087108079432
23.2670955657959,2.936988115310669,347.27008307158053,43.83564351209954,0.12556515323773101
23.318954467773438,2.930016040802002,348.0440965339319,43.73158269853734,0.12499449626623577
23.370237350463867,2.9239044189453125,348.80951269349055,43.640364461870334,0.12446557680544888
23.421628952026367,2.9186270236968994,349.5765515227816,43.561597368610435,0.12397340788423601
23.473482131958008,2.914245843887329,350.35047958146276,43.496206625184016,0.12351853107189023
23.525911331176758,2.91087007522583,351.1330049429367,43.44582201829597,0.1231047177339485
23.57875633239746,2.9086549282073975,351.9217363044397,43.41276012249847,0.12273904629036922
23.631839752197266,2.907597303390503,352.71402615219796,43.39697467747019,0.12242200648968946
23.68497085571289,2.907667398452759,353.5070276972073,43.398020872429235,0.12215302649685993
23.73805046081543,2.908831834793091,354.2992606091855,43.41540051929986,0.12193091372208183
23.791095733642578,2.9110844135284424,355.09098109914294,43.449021097439434,0.12175501688905595
23.844074249267578,2.914480447769165,355.88170521294893,43.49970817565918,0.12162748209404975
23.896961212158203,2.919041633605957,356.67106286803283,43.56778557620831,0.12154901052962494
23.949756622314453,2.924823522567749,357.4590540643948,43.65408242638431,0.12152156448085363
24.002357482910156,2.9318509101867676,358.24414153597246,43.75896880875772,0.12154634224970368
24.054779052734375,2.9401113986968994,359.0265530258862,43.88225968204327,0.12162241669870072
24.106992721557617,2.949603319168091,359.8058615157853,44.02393013683717,0.12174952689486661
24.158964157104492,2.9603209495544434,360.5815545836491,44.183894769469305,0.12192727867118659
24.210708618164062,2.9721555709838867,361.35385997259795,44.36053091020726,0.1221508445242742
24.262197494506836,2.9850707054138184,362.1223506642811,44.553294110654,0.12241859186027773
24.313425064086914,2.9990155696868896,362.88694125502855,44.76142641323715,0.1227282108223019
24.3643798828125,3.0139522552490234,363.6474609375,44.98436201864214,0.12307796230537428
24.41498374938965,3.02998423576355,364.4027425282037,45.22364530990372,0.12347216144125177
24.46519660949707,3.047184944152832,365.1521882014488,45.48037230078854,0.12391369254567147
24.514934539794922,3.0656321048736572,365.89454537007344,45.75570305781578,0.12440581310074748
24.564048767089844,3.0853829383850098,366.62759353865437,46.05049161768671,0.12495126736109072
24.612346649169922,3.1064512729644775,367.3484574502973,46.36494437260414,0.1255512803990318
24.659900665283203,3.128912925720215,368.05821888482393,46.700192921197235,0.12620822443852375
24.706697463989258,3.1528236865997314,368.7566785670038,47.05706994924972,0.12692409037772573
24.752763748168945,3.178253650665283,369.4442350472977,47.43662165172064,0.1277012257964184
24.79808807373047,3.205270290374756,370.1207175183652,47.83985508022023,0.1285420545289961
24.84259033203125,3.2339134216308594,370.7849303288246,48.267364501953125,0.12944824865816332
24.886146545410156,3.2640957832336426,371.4350230658232,48.71784751094989,0.1304166940089801
24.92867660522461,3.2957077026367188,372.0698000779792,49.18966720353311,0.13144321797869646
24.970134735107422,3.328714370727539,372.68857813593166,49.68230404070953,0.13252647019680852
25.010473251342773,3.363079309463501,373.29064554242944,50.1952135740821,0.1336650740801255
25.048351287841797,3.3976492881774902,373.85598937077305,50.71118340563418,0.13482078349477813
25.08353614807129,3.4315085411071777,374.3811365383774,51.216545389659366,0.1359592484055569
25.114660263061523,3.4627039432525635,374.8456755680824,51.68214840675468,0.13701197328527437
25.141592025756836,3.4912869930267334,375.24764217547516,52.108761089951244,0.13798257962526958
25.16434669494629,3.5172784328460693,375.5872641036759,52.49669302755327,0.13887260451031103
25.182937622070312,3.5406858921051025,375.86474062791507,52.84605809112093,0.1396829907577766
25.197385787963867,3.56150221824646,376.08038489498307,53.15674952606656,0.14041397516286622
25.207721710205078,3.579702615737915,376.23465239112056,53.428397249819625,0.14106496972202454
25.214073181152344,3.595198631286621,376.32945046496036,53.65968106397941,0.14163228821785498
25.216537475585938,3.6079154014587402,376.3662309788946,53.84948360386179,0.142112852629785
25.215179443359375,3.617781400680542,376.3459618411847,53.996737323590175,0.14250380509403268
25.210086822509766,3.6246912479400635,376.2699525747726,54.09986937223975,0.14280075319965457
25.201393127441406,3.628493547439575,376.1401959319613,54.156620111038436,0.14299716321859426
25.18930435180664,3.6289682388305664,375.9597664448752,54.16370505717263,0.1430833194428798
25.174158096313477,3.6257944107055664,375.7337029300519,54.116334488142776,0.14304472510668803
25.15656852722168,3.618506669998169,375.4711720480847,54.00756223877864,0.14285957083115658
25.13762855529785,3.6065821647644043,375.18848589996793,53.82958454872245,0.14250097839827172
25.1185302734375,3.5897960662841797,374.90343691697757,53.57904576543552,0.14195302505383414
25.100231170654297,3.5681653022766113,374.6303159799149,53.256198541441954,0.14121052487795216
25.083410263061523,3.541818380355835,374.37925765763464,52.86296090083336,0.14027427595611297
25.068561553955078,3.510923147201538,374.15763513365783,52.4018380179334,0.1391477617067054
25.05607795715332,3.475668430328369,373.97131279333314,51.87564821385625,0.13783599235747104
25.04631996154785,3.4362740516662598,373.8256710678784,51.28767241292925,0.13634554110813
25.03968620300293,3.3930253982543945,373.72665974631235,50.64217012319992,0.13468554678834846
25.03668785095215,3.346362590789795,373.6819082231664,49.945710310295446,0.13287086618134808
25.03788948059082,3.297729015350342,373.69984299389284,49.2198360500051,0.13095576835227096
25.042966842651367,3.249239683151245,373.77562451718455,48.49611467389918,0.12902580261262075
25.05181121826172,3.2013731002807617,373.9076301233092,47.78168806389196,0.1271012058215848
